第 1 天：			用时 0 秒
( 1, 9885),( 2, 9785),( 3,    0)
( 4,    0),( 5,    0),( 6,    0)
( 7,    0),( 8,    0),( 9,    0)
(10,    0),(11,    0),(12,    0)
(13,    0),(14,    0),(15,    0)
(16,    0),(17,    0),(18,    0)
(19,    0),(20,    0),(21,    0)
(22,    0),(23,    0),(24,    0)
(25, 9785),(26,    0),(27,    0)

======================================
第 2 天：			用时 0 秒
( 1, 9885),( 2, 9785),( 3, 9585)
( 4, 9585),( 5,    0),( 6,    0)
( 7,    0),( 8,    0),( 9,    0)
(10,    0),(11,    0),(12,    0)
(13,    0),(14,    0),(15,    0)
(16,    0),(17,    0),(18,    0)
(19,    0),(20,    0),(21,    0)
(22,    0),(23,    0),(24, 9585)
(25, 9785),(26, 9585),(27,    0)

======================================
经过 0 秒...
当前答案: (3, 27, 0, 0) = 9410

======================================
第 3 天：			用时 0 秒
( 1, 9885),( 2, 9785),( 3, 9585)
( 4, 9585),( 5, 9395),( 6, 9395)
( 7,    0),( 8,    0),( 9,    0)
(10,    0),(11,    0),(12,    0)
(13,    0),(14,    0),(15,    0)
(16,    0),(17,    0),(18,    0)
(19,    0),(20,    0),(21,    0)
(22,    0),(23, 9395),(24, 9585)
(25, 9785),(26, 9585),(27, 9410)

======================================
经过 0 秒...
当前答案: (4, 27, 0, 0) = 9410

======================================
第 4 天：			用时 0 秒
( 1, 9885),( 2, 9785),( 3, 9585)
( 4, 9585),( 5, 9395),( 6, 9395)
( 7,    0),( 8,    0),( 9,    0)
(10,    0),(11,    0),(12,    0)
(13,    0),(14,    0),(15,    0)
(16,    0),(17,    0),(18,    0)
(19,    0),(20,    0),(21,    0)
(22,    0),(23, 9395),(24, 9585)
(25, 9785),(26, 9585),(27, 9410)

======================================
经过 0 秒...
当前答案: (5, 27, 0, 0) = 9410

======================================
第 5 天：			用时 0 秒
( 1, 9885),( 2, 9785),( 3, 9585)
( 4, 9585),( 5, 9395),( 6, 9395)
( 7, 9055),( 8,    0),( 9,    0)
(10,    0),(11,    0),(12,    0)
(13,    0),(14,    0),(15,    0)
(16,    0),(17,    0),(18,    0)
(19,    0),(20,    0),(21, 9055)
(22, 9055),(23, 9395),(24, 9585)
(25, 9785),(26, 9585),(27, 9410)

======================================
经过 0 秒...
当前答案: (6, 27, 0, 0) = 9410

======================================
第 6 天：			用时 106 秒
( 1, 9885),( 2, 9785),( 3, 9585)
( 4, 9585),( 5, 9395),( 6, 9395)
( 7, 9055),( 8, 8855),( 9, 8855)
(10,    0),(11,    0),(12,    0)
(13,    0),(14,    0),(15,    0)
(16,    0),(17, 8855),(18,    0)
(19,    0),(20, 8855),(21, 9055)
(22, 9055),(23, 9395),(24, 9585)
(25, 9785),(26, 9585),(27, 9410)

======================================
经过 0 秒...
当前答案: (7, 27, 0, 0) = 9410

======================================
第 7 天：			用时 134 秒
( 1, 9885),( 2, 9785),( 3, 9585)
( 4, 9585),( 5, 9395),( 6, 9395)
( 7, 9055),( 8, 8855),( 9, 8855)
(10,    0),(11,    0),(12,    0)
(13,    0),(14,    0),(15,    0)
(16,    0),(17, 8855),(18,    0)
(19,    0),(20, 8855),(21, 9055)
(22, 9055),(23, 9395),(24, 9585)
(25, 9785),(26, 9585),(27, 9410)

======================================
经过 0 秒...
当前答案: (8, 27, 0, 0) = 9410

======================================
第 8 天：			用时 255 秒
( 1, 9885),( 2, 9785),( 3, 9585)
( 4, 9585),( 5, 9395),( 6, 9395)
( 7, 9055),( 8, 8855),( 9, 8855)
(10, 8515),(11,    0),(12,    0)
(13,    0),(14,    0),(15, 8515)
(16, 8515),(17, 8855),(18, 8515)
(19, 8515),(20, 8855),(21, 9055)
(22, 9055),(23, 9395),(24, 9585)
(25, 9785),(26, 9585),(27, 9410)

======================================
经过 0 秒...
当前答案: (9, 27, 0, 0) = 9410

======================================
第 9 天：			用时 401 秒
( 1, 9885),( 2, 9785),( 3, 9585)
( 4, 9585),( 5, 9395),( 6, 9395)
( 7, 9055),( 8, 8855),( 9, 8855)
(10, 8515),(11, 8315),(12,    0)
(13, 8315),(14, 8315),(15, 8515)
(16, 8515),(17, 8855),(18, 8515)
(19, 8515),(20, 8855),(21, 9055)
(22, 9055),(23, 9395),(24, 9585)
(25, 9785),(26, 9585),(27, 9410)

======================================
经过 0 秒...
当前答案: (10, 27, 0, 0) = 9410

======================================
第 10 天：			用时 585 秒
( 1, 9885),( 2, 9785),( 3, 9585)
( 4, 9585),( 5, 9395),( 6, 9395)
( 7, 9055),( 8, 8855),( 9, 8855)
(10, 8515),(11, 8315),(12, 8115)
(13, 8315),(14, 8315),(15, 8515)
(16, 8515),(17, 8855),(18, 8515)
(19, 8515),(20, 8855),(21, 9055)
(22, 9055),(23, 9395),(24, 9585)
(25, 9785),(26, 9585),(27, 9410)

======================================
经过 0 秒...
当前答案: (11, 27, 0, 0) = 9410

======================================
第 11 天：			用时 626 秒
( 1, 9885),( 2, 9785),( 3, 9585)
( 4, 9585),( 5, 9395),( 6, 9395)
( 7, 9055),( 8, 8855),( 9, 8855)
(10, 8515),(11, 8315),(12, 8665)
(13, 8315),(14, 8315),(15, 8515)
(16, 8515),(17, 8855),(18, 8515)
(19, 8515),(20, 8855),(21, 9055)
(22, 9055),(23, 9395),(24, 9585)
(25, 9785),(26, 9585),(27, 9410)

======================================
经过 0 秒...
当前答案: (12, 27, 0, 0) = 9410

======================================
第 12 天：			用时 825 秒
( 1, 9885),( 2, 9785),( 3, 9585)
( 4, 9585),( 5, 9395),( 6, 9395)
( 7, 9055),( 8, 8855),( 9, 8855)
(10, 8515),(11, 8465),(12, 9365)
(13, 8465),(14, 8465),(15, 8515)
(16, 8515),(17, 8855),(18, 8515)
(19, 8515),(20, 8855),(21, 9055)
(22, 9055),(23, 9395),(24, 9585)
(25, 9785),(26, 9585),(27, 9410)

======================================
经过 0 秒...
当前答案: (13, 27, 0, 0) = 9410

======================================
第 13 天：			用时 1022 秒
( 1, 9885),( 2, 9785),( 3, 9585)
( 4, 9585),( 5, 9395),( 6, 9395)
( 7, 9055),( 8, 8855),( 9, 8855)
(10, 8515),(11, 9175),(12, 10080)
(13, 9175),(14, 9175),(15, 8515)
(16, 8515),(17, 8855),(18, 8515)
(19, 8515),(20, 8855),(21, 9055)
(22, 9055),(23, 9395),(24, 9585)
(25, 9785),(26, 9585),(27, 9410)

======================================
经过 0 秒...
当前答案: (14, 27, 0, 0) = 9410

======================================
第 14 天：			用时 1213 秒
( 1, 9885),( 2, 9785),( 3, 9585)
( 4, 9585),( 5, 9395),( 6, 9395)
( 7, 9055),( 8, 8855),( 9, 8855)
(10, 8975),(11, 9880),(12, 10780)
(13, 9880),(14, 9880),(15, 8975)
(16, 8975),(17, 8855),(18, 8515)
(19, 8515),(20, 8855),(21, 9055)
(22, 9055),(23, 9395),(24, 9585)
(25, 9785),(26, 9585),(27, 9410)

======================================
经过 0 秒...
当前答案: (15, 27, 0, 0) = 9410

======================================
第 15 天：			用时 1410 秒
( 1, 9885),( 2, 9785),( 3, 9585)
( 4, 9585),( 5, 9395),( 6, 9395)
( 7, 9055),( 8, 8855),( 9, 8855)
(10, 9680),(11, 10580),(12, 11480)
(13, 10580),(14, 10580),(15, 9680)
(16, 9680),(17, 8855),(18, 8775)
(19, 8515),(20, 8855),(21, 9055)
(22, 9055),(23, 9395),(24, 9585)
(25, 9785),(26, 9585),(27, 9410)

======================================
经过 0 秒...
当前答案: (16, 27, 0, 0) = 9410

======================================
第 16 天：			用时 1624 秒
( 1, 9885),( 2, 9785),( 3, 9585)
( 4, 9585),( 5, 9395),( 6, 9395)
( 7, 9055),( 8, 8855),( 9, 9480)
(10, 10320),(11, 11160),(12, 12000)
(13, 11160),(14, 11160),(15, 10320)
(16, 10320),(17, 9480),(18, 9480)
(19, 8575),(20, 8855),(21, 9055)
(22, 9055),(23, 9395),(24, 9585)
(25, 9785),(26, 9585),(27, 9410)

======================================
经过 0 秒...
当前答案: (17, 27, 0, 0) = 9410

======================================
第 17 天：			用时 1672 秒
( 1, 9885),( 2, 9785),( 3, 9585)
( 4, 9585),( 5, 9395),( 6, 9395)
( 7, 9055),( 8, 8855),( 9, 9480)
(10, 10320),(11, 11160),(12, 12300)
(13, 11160),(14, 11160),(15, 10320)
(16, 10320),(17, 9480),(18, 9480)
(19, 8575),(20, 8855),(21, 9055)
(22, 9055),(23, 9395),(24, 9585)
(25, 9785),(26, 9585),(27, 9410)

======================================
经过 0 秒...
当前答案: (18, 27, 0, 0) = 9410

======================================
第 18 天：			用时 1721 秒
( 1, 9885),( 2, 9785),( 3, 9585)
( 4, 9585),( 5, 9395),( 6, 9395)
( 7, 9055),( 8, 8855),( 9, 9480)
(10, 10320),(11, 11160),(12, 12600)
(13, 11160),(14, 11160),(15, 10320)
(16, 10320),(17, 9480),(18, 9480)
(19, 8575),(20, 8855),(21, 9055)
(22, 9055),(23, 9395),(24, 9585)
(25, 9785),(26, 9585),(27, 9410)

======================================
经过 0 秒...
当前答案: (19, 27, 0, 0) = 9410

======================================
第 19 天：			用时 1914 秒
( 1, 9885),( 2, 9785),( 3, 9585)
( 4, 9585),( 5, 9395),( 6, 9395)
( 7, 9055),( 8, 8855),( 9, 9530)
(10, 10370),(11, 12280),(12, 12600)
(13, 12280),(14, 12280),(15, 10370)
(16, 10370),(17, 9530),(18, 9530)
(19, 8690),(20, 8855),(21, 9055)
(22, 9055),(23, 9395),(24, 9585)
(25, 9785),(26, 9585),(27, 9410)

======================================
经过 0 秒...
当前答案: (20, 27, 0, 0) = 9410

======================================
第 20 天：			用时 2115 秒
( 1, 9885),( 2, 9785),( 3, 9585)
( 4, 9585),( 5, 9395),( 6, 9395)
( 7, 9055),( 8, 9210),( 9, 10050)
(10, 11425),(11, 12280),(12, 12600)
(13, 12280),(14, 12280),(15, 11425)
(16, 11425),(17, 10050),(18, 10050)
(19, 9210),(20, 9210),(21, 9210)
(22, 9210),(23, 9395),(24, 9585)
(25, 9785),(26, 9585),(27, 9410)

======================================
经过 0 秒...
当前答案: (21, 27, 0, 0) = 9410

======================================
第 21 天：			用时 2307 秒
( 1, 9885),( 2, 9785),( 3, 9585)
( 4, 9585),( 5, 9395),( 6, 9395)
( 7, 9055),( 8, 9765),( 9, 11140)
(10, 11445),(11, 12285),(12, 12610)
(13, 12285),(14, 12285),(15, 11445)
(16, 11445),(17, 10605),(18, 10605)
(19, 9765),(20, 9765),(21, 9765)
(22, 9765),(23, 9395),(24, 9585)
(25, 9785),(26, 9585),(27, 9410)

======================================
经过 0 秒...
当前答案: (22, 27, 0, 0) = 9500

======================================
第 22 天：			用时 2495 秒
( 1, 9885),( 2, 9785),( 3, 9585)
( 4, 9585),( 5, 9395),( 6, 9395)
( 7, 9480),( 8, 10790),( 9, 11160)
(10, 11465),(11, 12320),(12, 13030)
(13, 12320),(14, 12320),(15, 11465)
(16, 11465),(17, 10790),(18, 10790)
(19, 10320),(20, 10320),(21, 10790)
(22, 10790),(23, 9480),(24, 9585)
(25, 9785),(26, 9585),(27, 9500)

======================================
经过 0 秒...
当前答案: (23, 27, 0, 0) = 10420

======================================
第 23 天：			用时 2673 秒
( 1, 9885),( 2, 9785),( 3, 9585)
( 4, 9585),( 5, 9395),( 6, 9395)
( 7, 10390),( 8, 10810),( 9, 11160)
(10, 11690),(11, 12320),(12, 13030)
(13, 12320),(14, 12320),(15, 11690)
(16, 11690),(17, 10835),(18, 10835)
(19, 10390),(20, 10390),(21, 10810)
(22, 10810),(23, 10390),(24, 9585)
(25, 9785),(26, 9585),(27, 10420)

======================================
经过 0 秒...
当前答案: (24, 27, 0, 0) = 10460

======================================
第 24 天：			用时 2849 秒
( 1, 9885),( 2, 9785),( 3, 9585)
( 4, 9585),( 5, 9395),( 6, 10010)
( 7, 10430),( 8, 10850),( 9, 11340)
(10, 11730),(11, 12320),(12, 13030)
(13, 12320),(14, 12320),(15, 11730)
(16, 11730),(17, 10870),(18, 10870)
(19, 10430),(20, 10430),(21, 10850)
(22, 10850),(23, 10430),(24, 10010)
(25, 9785),(26, 10010),(27, 10460)

======================================
经过 0 秒...
当前答案: (25, 27, 0, 0) = 10460

======================================
第 25 天：			用时 2890 秒
( 1, 9885),( 2, 9785),( 3, 9585)
( 4, 9585),( 5, 9395),( 6, 10010)
( 7, 10430),( 8, 10850),( 9, 11340)
(10, 11730),(11, 12320),(12, 13030)
(13, 12320),(14, 12320),(15, 11730)
(16, 11730),(17, 10870),(18, 10870)
(19, 10430),(20, 10430),(21, 10850)
(22, 10850),(23, 10430),(24, 10010)
(25, 9785),(26, 10010),(27, 10460)

======================================
经过 0 秒...
当前答案: (26, 27, 0, 0) = 10460

======================================
第 26 天：			用时 3085 秒
( 1, 9885),( 2, 9785),( 3, 9585)
( 4, 9585),( 5, 9395),( 6, 10010)
( 7, 10430),( 8, 10850),( 9, 11340)
(10, 11730),(11, 12320),(12, 13030)
(13, 12320),(14, 12320),(15, 11730)
(16, 11730),(17, 10870),(18, 10870)
(19, 10430),(20, 10430),(21, 10850)
(22, 10850),(23, 10430),(24, 10010)
(25, 9785),(26, 10010),(27, 10460)

======================================
经过 0 秒...
当前答案: (27, 27, 0, 0) = 10460

======================================
第 27 天：			用时 3279 秒
( 1, 9885),( 2, 9785),( 3, 9585)
( 4, 9585),( 5, 9395),( 6, 10010)
( 7, 10430),( 8, 10850),( 9, 11340)
(10, 11730),(11, 12320),(12, 13030)
(13, 12320),(14, 12320),(15, 11730)
(16, 11730),(17, 10870),(18, 10870)
(19, 10430),(20, 10430),(21, 10850)
(22, 10850),(23, 10430),(24, 10010)
(25, 9785),(26, 10010),(27, 10460)

======================================
经过 0 秒...
当前答案: (28, 27, 0, 0) = 10460

======================================
第 28 天：			用时 3477 秒
( 1, 9885),( 2, 9785),( 3, 9585)
( 4, 9585),( 5, 9395),( 6, 10010)
( 7, 10430),( 8, 10850),( 9, 11340)
(10, 11730),(11, 12545),(12, 13400)
(13, 12545),(14, 12545),(15, 11730)
(16, 11730),(17, 10870),(18, 10870)
(19, 10430),(20, 10430),(21, 10850)
(22, 10850),(23, 10430),(24, 10010)
(25, 9785),(26, 10010),(27, 10460)

======================================
经过 0 秒...
当前答案: (29, 27, 0, 0) = 10460

======================================
第 29 天：			用时 3686 秒
( 1, 9885),( 2, 9785),( 3, 9585)
( 4, 9585),( 5, 9480),( 6, 10010)
( 7, 10430),( 8, 10850),( 9, 11370)
(10, 12205),(11, 13015),(12, 13815)
(13, 13015),(14, 13015),(15, 12205)
(16, 12205),(17, 11370),(18, 11370)
(19, 10530),(20, 10530),(21, 10850)
(22, 10850),(23, 10430),(24, 10010)
(25, 9785),(26, 10010),(27, 10460)

======================================
经过 0 秒...
当前答案: (30, 27, 0, 0) = 10460

======================================
第 30 天：			用时 3894 秒
( 1, 9885),( 2, 9785),( 3, 9585)
( 4, 9585),( 5, 9535),( 6, 10010)
( 7, 10430),( 8, 10995),( 9, 11805)
(10, 12615),(11, 13415),(12, 14215)
(13, 13415),(14, 13415),(15, 12615)
(16, 12615),(17, 11805),(18, 11805)
(19, 10995),(20, 10995),(21, 10995)
(22, 10995),(23, 10430),(24, 10010)
(25, 9785),(26, 10010),(27, 10460)

======================================
30 天游戏最优解为：10460
